{
 "cells": [
  {
   "cell_type": "code",
   "execution_count": 89,
   "metadata": {},
   "outputs": [],
   "source": [
    "import pandas as pd\n",
    "import matplotlib.pyplot as plt\n",
    "import numpy as np\n",
    "import seaborn as sns\n",
    "import sklearn.preprocessing as stdscalar\n",
    "import warnings\n",
    "%matplotlib inline\n"
   ]
  },
  {
   "cell_type": "code",
   "execution_count": 90,
   "metadata": {},
   "outputs": [],
   "source": [
    "warnings.filterwarnings('ignore')\n"
   ]
  },
  {
   "cell_type": "code",
   "execution_count": 91,
   "metadata": {},
   "outputs": [
    {
     "data": {
      "text/html": [
       "<div>\n",
       "<style scoped>\n",
       "    .dataframe tbody tr th:only-of-type {\n",
       "        vertical-align: middle;\n",
       "    }\n",
       "\n",
       "    .dataframe tbody tr th {\n",
       "        vertical-align: top;\n",
       "    }\n",
       "\n",
       "    .dataframe thead th {\n",
       "        text-align: right;\n",
       "    }\n",
       "</style>\n",
       "<table border=\"1\" class=\"dataframe\">\n",
       "  <thead>\n",
       "    <tr style=\"text-align: right;\">\n",
       "      <th></th>\n",
       "      <th>instant</th>\n",
       "      <th>dteday</th>\n",
       "      <th>season</th>\n",
       "      <th>yr</th>\n",
       "      <th>mnth</th>\n",
       "      <th>hr</th>\n",
       "      <th>holiday</th>\n",
       "      <th>weekday</th>\n",
       "      <th>workingday</th>\n",
       "      <th>weathersit</th>\n",
       "      <th>temp</th>\n",
       "      <th>atemp</th>\n",
       "      <th>hum</th>\n",
       "      <th>windspeed</th>\n",
       "      <th>casual</th>\n",
       "      <th>registered</th>\n",
       "      <th>cnt</th>\n",
       "    </tr>\n",
       "  </thead>\n",
       "  <tbody>\n",
       "    <tr>\n",
       "      <th>0</th>\n",
       "      <td>1</td>\n",
       "      <td>2011-01-01</td>\n",
       "      <td>1</td>\n",
       "      <td>0</td>\n",
       "      <td>1</td>\n",
       "      <td>0</td>\n",
       "      <td>0</td>\n",
       "      <td>6</td>\n",
       "      <td>0</td>\n",
       "      <td>1</td>\n",
       "      <td>0.24</td>\n",
       "      <td>0.2879</td>\n",
       "      <td>0.81</td>\n",
       "      <td>0.0</td>\n",
       "      <td>3</td>\n",
       "      <td>13</td>\n",
       "      <td>16</td>\n",
       "    </tr>\n",
       "    <tr>\n",
       "      <th>1</th>\n",
       "      <td>2</td>\n",
       "      <td>2011-01-01</td>\n",
       "      <td>1</td>\n",
       "      <td>0</td>\n",
       "      <td>1</td>\n",
       "      <td>1</td>\n",
       "      <td>0</td>\n",
       "      <td>6</td>\n",
       "      <td>0</td>\n",
       "      <td>1</td>\n",
       "      <td>0.22</td>\n",
       "      <td>0.2727</td>\n",
       "      <td>0.80</td>\n",
       "      <td>0.0</td>\n",
       "      <td>8</td>\n",
       "      <td>32</td>\n",
       "      <td>40</td>\n",
       "    </tr>\n",
       "    <tr>\n",
       "      <th>2</th>\n",
       "      <td>3</td>\n",
       "      <td>2011-01-01</td>\n",
       "      <td>1</td>\n",
       "      <td>0</td>\n",
       "      <td>1</td>\n",
       "      <td>2</td>\n",
       "      <td>0</td>\n",
       "      <td>6</td>\n",
       "      <td>0</td>\n",
       "      <td>1</td>\n",
       "      <td>0.22</td>\n",
       "      <td>0.2727</td>\n",
       "      <td>0.80</td>\n",
       "      <td>0.0</td>\n",
       "      <td>5</td>\n",
       "      <td>27</td>\n",
       "      <td>32</td>\n",
       "    </tr>\n",
       "    <tr>\n",
       "      <th>3</th>\n",
       "      <td>4</td>\n",
       "      <td>2011-01-01</td>\n",
       "      <td>1</td>\n",
       "      <td>0</td>\n",
       "      <td>1</td>\n",
       "      <td>3</td>\n",
       "      <td>0</td>\n",
       "      <td>6</td>\n",
       "      <td>0</td>\n",
       "      <td>1</td>\n",
       "      <td>0.24</td>\n",
       "      <td>0.2879</td>\n",
       "      <td>0.75</td>\n",
       "      <td>0.0</td>\n",
       "      <td>3</td>\n",
       "      <td>10</td>\n",
       "      <td>13</td>\n",
       "    </tr>\n",
       "    <tr>\n",
       "      <th>4</th>\n",
       "      <td>5</td>\n",
       "      <td>2011-01-01</td>\n",
       "      <td>1</td>\n",
       "      <td>0</td>\n",
       "      <td>1</td>\n",
       "      <td>4</td>\n",
       "      <td>0</td>\n",
       "      <td>6</td>\n",
       "      <td>0</td>\n",
       "      <td>1</td>\n",
       "      <td>0.24</td>\n",
       "      <td>0.2879</td>\n",
       "      <td>0.75</td>\n",
       "      <td>0.0</td>\n",
       "      <td>0</td>\n",
       "      <td>1</td>\n",
       "      <td>1</td>\n",
       "    </tr>\n",
       "  </tbody>\n",
       "</table>\n",
       "</div>"
      ],
      "text/plain": [
       "   instant      dteday  season  yr  mnth  hr  holiday  weekday  workingday  \\\n",
       "0        1  2011-01-01       1   0     1   0        0        6           0   \n",
       "1        2  2011-01-01       1   0     1   1        0        6           0   \n",
       "2        3  2011-01-01       1   0     1   2        0        6           0   \n",
       "3        4  2011-01-01       1   0     1   3        0        6           0   \n",
       "4        5  2011-01-01       1   0     1   4        0        6           0   \n",
       "\n",
       "   weathersit  temp   atemp   hum  windspeed  casual  registered  cnt  \n",
       "0           1  0.24  0.2879  0.81        0.0       3          13   16  \n",
       "1           1  0.22  0.2727  0.80        0.0       8          32   40  \n",
       "2           1  0.22  0.2727  0.80        0.0       5          27   32  \n",
       "3           1  0.24  0.2879  0.75        0.0       3          10   13  \n",
       "4           1  0.24  0.2879  0.75        0.0       0           1    1  "
      ]
     },
     "execution_count": 91,
     "metadata": {},
     "output_type": "execute_result"
    }
   ],
   "source": [
    "df = pd.read_csv(\"bike sharing dataset.csv\")\n",
    "df.head()"
   ]
  },
  {
   "cell_type": "code",
   "execution_count": 92,
   "metadata": {},
   "outputs": [
    {
     "name": "stdout",
     "output_type": "stream",
     "text": [
      "instant         int64\n",
      "dteday         object\n",
      "season          int64\n",
      "yr              int64\n",
      "mnth            int64\n",
      "hr              int64\n",
      "holiday         int64\n",
      "weekday         int64\n",
      "workingday      int64\n",
      "weathersit      int64\n",
      "temp          float64\n",
      "atemp         float64\n",
      "hum           float64\n",
      "windspeed     float64\n",
      "casual          int64\n",
      "registered      int64\n",
      "cnt             int64\n",
      "dtype: object\n"
     ]
    }
   ],
   "source": [
    "print(df.dtypes)\n"
   ]
  },
  {
   "cell_type": "code",
   "execution_count": 93,
   "metadata": {},
   "outputs": [
    {
     "name": "stdout",
     "output_type": "stream",
     "text": [
      "<bound method DataFrame.info of        instant      dteday  season  yr  mnth  hr  holiday  weekday  \\\n",
      "0            1  2011-01-01       1   0     1   0        0        6   \n",
      "1            2  2011-01-01       1   0     1   1        0        6   \n",
      "2            3  2011-01-01       1   0     1   2        0        6   \n",
      "3            4  2011-01-01       1   0     1   3        0        6   \n",
      "4            5  2011-01-01       1   0     1   4        0        6   \n",
      "...        ...         ...     ...  ..   ...  ..      ...      ...   \n",
      "17374    17375  2012-12-31       1   1    12  19        0        1   \n",
      "17375    17376  2012-12-31       1   1    12  20        0        1   \n",
      "17376    17377  2012-12-31       1   1    12  21        0        1   \n",
      "17377    17378  2012-12-31       1   1    12  22        0        1   \n",
      "17378    17379  2012-12-31       1   1    12  23        0        1   \n",
      "\n",
      "       workingday  weathersit  temp   atemp   hum  windspeed  casual  \\\n",
      "0               0           1  0.24  0.2879  0.81     0.0000       3   \n",
      "1               0           1  0.22  0.2727  0.80     0.0000       8   \n",
      "2               0           1  0.22  0.2727  0.80     0.0000       5   \n",
      "3               0           1  0.24  0.2879  0.75     0.0000       3   \n",
      "4               0           1  0.24  0.2879  0.75     0.0000       0   \n",
      "...           ...         ...   ...     ...   ...        ...     ...   \n",
      "17374           1           2  0.26  0.2576  0.60     0.1642      11   \n",
      "17375           1           2  0.26  0.2576  0.60     0.1642       8   \n",
      "17376           1           1  0.26  0.2576  0.60     0.1642       7   \n",
      "17377           1           1  0.26  0.2727  0.56     0.1343      13   \n",
      "17378           1           1  0.26  0.2727  0.65     0.1343      12   \n",
      "\n",
      "       registered  cnt  \n",
      "0              13   16  \n",
      "1              32   40  \n",
      "2              27   32  \n",
      "3              10   13  \n",
      "4               1    1  \n",
      "...           ...  ...  \n",
      "17374         108  119  \n",
      "17375          81   89  \n",
      "17376          83   90  \n",
      "17377          48   61  \n",
      "17378          37   49  \n",
      "\n",
      "[17379 rows x 17 columns]>\n"
     ]
    }
   ],
   "source": [
    "print(df.info)"
   ]
  },
  {
   "cell_type": "code",
   "execution_count": 94,
   "metadata": {},
   "outputs": [],
   "source": [
    "numeric_df = df.select_dtypes(include=['number'])"
   ]
  },
  {
   "cell_type": "code",
   "execution_count": 95,
   "metadata": {},
   "outputs": [
    {
     "data": {
      "text/html": [
       "<div>\n",
       "<style scoped>\n",
       "    .dataframe tbody tr th:only-of-type {\n",
       "        vertical-align: middle;\n",
       "    }\n",
       "\n",
       "    .dataframe tbody tr th {\n",
       "        vertical-align: top;\n",
       "    }\n",
       "\n",
       "    .dataframe thead th {\n",
       "        text-align: right;\n",
       "    }\n",
       "</style>\n",
       "<table border=\"1\" class=\"dataframe\">\n",
       "  <thead>\n",
       "    <tr style=\"text-align: right;\">\n",
       "      <th></th>\n",
       "      <th>instant</th>\n",
       "      <th>season</th>\n",
       "      <th>yr</th>\n",
       "      <th>mnth</th>\n",
       "      <th>hr</th>\n",
       "      <th>holiday</th>\n",
       "      <th>weekday</th>\n",
       "      <th>workingday</th>\n",
       "      <th>weathersit</th>\n",
       "      <th>temp</th>\n",
       "      <th>atemp</th>\n",
       "      <th>hum</th>\n",
       "      <th>windspeed</th>\n",
       "      <th>casual</th>\n",
       "      <th>registered</th>\n",
       "      <th>cnt</th>\n",
       "    </tr>\n",
       "  </thead>\n",
       "  <tbody>\n",
       "    <tr>\n",
       "      <th>instant</th>\n",
       "      <td>1.000000</td>\n",
       "      <td>0.404046</td>\n",
       "      <td>0.866014</td>\n",
       "      <td>0.489164</td>\n",
       "      <td>-0.004775</td>\n",
       "      <td>0.014723</td>\n",
       "      <td>0.001357</td>\n",
       "      <td>-0.003416</td>\n",
       "      <td>-0.014198</td>\n",
       "      <td>0.136178</td>\n",
       "      <td>0.137615</td>\n",
       "      <td>0.009577</td>\n",
       "      <td>-0.074505</td>\n",
       "      <td>0.158295</td>\n",
       "      <td>0.282046</td>\n",
       "      <td>0.278379</td>\n",
       "    </tr>\n",
       "    <tr>\n",
       "      <th>season</th>\n",
       "      <td>0.404046</td>\n",
       "      <td>1.000000</td>\n",
       "      <td>-0.010742</td>\n",
       "      <td>0.830386</td>\n",
       "      <td>-0.006117</td>\n",
       "      <td>-0.009585</td>\n",
       "      <td>-0.002335</td>\n",
       "      <td>0.013743</td>\n",
       "      <td>-0.014524</td>\n",
       "      <td>0.312025</td>\n",
       "      <td>0.319380</td>\n",
       "      <td>0.150625</td>\n",
       "      <td>-0.149773</td>\n",
       "      <td>0.120206</td>\n",
       "      <td>0.174226</td>\n",
       "      <td>0.178056</td>\n",
       "    </tr>\n",
       "    <tr>\n",
       "      <th>yr</th>\n",
       "      <td>0.866014</td>\n",
       "      <td>-0.010742</td>\n",
       "      <td>1.000000</td>\n",
       "      <td>-0.010473</td>\n",
       "      <td>-0.003867</td>\n",
       "      <td>0.006692</td>\n",
       "      <td>-0.004485</td>\n",
       "      <td>-0.002196</td>\n",
       "      <td>-0.019157</td>\n",
       "      <td>0.040913</td>\n",
       "      <td>0.039222</td>\n",
       "      <td>-0.083546</td>\n",
       "      <td>-0.008740</td>\n",
       "      <td>0.142779</td>\n",
       "      <td>0.253684</td>\n",
       "      <td>0.250495</td>\n",
       "    </tr>\n",
       "    <tr>\n",
       "      <th>mnth</th>\n",
       "      <td>0.489164</td>\n",
       "      <td>0.830386</td>\n",
       "      <td>-0.010473</td>\n",
       "      <td>1.000000</td>\n",
       "      <td>-0.005772</td>\n",
       "      <td>0.018430</td>\n",
       "      <td>0.010400</td>\n",
       "      <td>-0.003477</td>\n",
       "      <td>0.005400</td>\n",
       "      <td>0.201691</td>\n",
       "      <td>0.208096</td>\n",
       "      <td>0.164411</td>\n",
       "      <td>-0.135386</td>\n",
       "      <td>0.068457</td>\n",
       "      <td>0.122273</td>\n",
       "      <td>0.120638</td>\n",
       "    </tr>\n",
       "    <tr>\n",
       "      <th>hr</th>\n",
       "      <td>-0.004775</td>\n",
       "      <td>-0.006117</td>\n",
       "      <td>-0.003867</td>\n",
       "      <td>-0.005772</td>\n",
       "      <td>1.000000</td>\n",
       "      <td>0.000479</td>\n",
       "      <td>-0.003498</td>\n",
       "      <td>0.002285</td>\n",
       "      <td>-0.020203</td>\n",
       "      <td>0.137603</td>\n",
       "      <td>0.133750</td>\n",
       "      <td>-0.276498</td>\n",
       "      <td>0.137252</td>\n",
       "      <td>0.301202</td>\n",
       "      <td>0.374141</td>\n",
       "      <td>0.394071</td>\n",
       "    </tr>\n",
       "    <tr>\n",
       "      <th>holiday</th>\n",
       "      <td>0.014723</td>\n",
       "      <td>-0.009585</td>\n",
       "      <td>0.006692</td>\n",
       "      <td>0.018430</td>\n",
       "      <td>0.000479</td>\n",
       "      <td>1.000000</td>\n",
       "      <td>-0.102088</td>\n",
       "      <td>-0.252471</td>\n",
       "      <td>-0.017036</td>\n",
       "      <td>-0.027340</td>\n",
       "      <td>-0.030973</td>\n",
       "      <td>-0.010588</td>\n",
       "      <td>0.003988</td>\n",
       "      <td>0.031564</td>\n",
       "      <td>-0.047345</td>\n",
       "      <td>-0.030927</td>\n",
       "    </tr>\n",
       "    <tr>\n",
       "      <th>weekday</th>\n",
       "      <td>0.001357</td>\n",
       "      <td>-0.002335</td>\n",
       "      <td>-0.004485</td>\n",
       "      <td>0.010400</td>\n",
       "      <td>-0.003498</td>\n",
       "      <td>-0.102088</td>\n",
       "      <td>1.000000</td>\n",
       "      <td>0.035955</td>\n",
       "      <td>0.003311</td>\n",
       "      <td>-0.001795</td>\n",
       "      <td>-0.008821</td>\n",
       "      <td>-0.037158</td>\n",
       "      <td>0.011502</td>\n",
       "      <td>0.032721</td>\n",
       "      <td>0.021578</td>\n",
       "      <td>0.026900</td>\n",
       "    </tr>\n",
       "    <tr>\n",
       "      <th>workingday</th>\n",
       "      <td>-0.003416</td>\n",
       "      <td>0.013743</td>\n",
       "      <td>-0.002196</td>\n",
       "      <td>-0.003477</td>\n",
       "      <td>0.002285</td>\n",
       "      <td>-0.252471</td>\n",
       "      <td>0.035955</td>\n",
       "      <td>1.000000</td>\n",
       "      <td>0.044672</td>\n",
       "      <td>0.055390</td>\n",
       "      <td>0.054667</td>\n",
       "      <td>0.015688</td>\n",
       "      <td>-0.011830</td>\n",
       "      <td>-0.300942</td>\n",
       "      <td>0.134326</td>\n",
       "      <td>0.030284</td>\n",
       "    </tr>\n",
       "    <tr>\n",
       "      <th>weathersit</th>\n",
       "      <td>-0.014198</td>\n",
       "      <td>-0.014524</td>\n",
       "      <td>-0.019157</td>\n",
       "      <td>0.005400</td>\n",
       "      <td>-0.020203</td>\n",
       "      <td>-0.017036</td>\n",
       "      <td>0.003311</td>\n",
       "      <td>0.044672</td>\n",
       "      <td>1.000000</td>\n",
       "      <td>-0.102640</td>\n",
       "      <td>-0.105563</td>\n",
       "      <td>0.418130</td>\n",
       "      <td>0.026226</td>\n",
       "      <td>-0.152628</td>\n",
       "      <td>-0.120966</td>\n",
       "      <td>-0.142426</td>\n",
       "    </tr>\n",
       "    <tr>\n",
       "      <th>temp</th>\n",
       "      <td>0.136178</td>\n",
       "      <td>0.312025</td>\n",
       "      <td>0.040913</td>\n",
       "      <td>0.201691</td>\n",
       "      <td>0.137603</td>\n",
       "      <td>-0.027340</td>\n",
       "      <td>-0.001795</td>\n",
       "      <td>0.055390</td>\n",
       "      <td>-0.102640</td>\n",
       "      <td>1.000000</td>\n",
       "      <td>0.987672</td>\n",
       "      <td>-0.069881</td>\n",
       "      <td>-0.023125</td>\n",
       "      <td>0.459616</td>\n",
       "      <td>0.335361</td>\n",
       "      <td>0.404772</td>\n",
       "    </tr>\n",
       "    <tr>\n",
       "      <th>atemp</th>\n",
       "      <td>0.137615</td>\n",
       "      <td>0.319380</td>\n",
       "      <td>0.039222</td>\n",
       "      <td>0.208096</td>\n",
       "      <td>0.133750</td>\n",
       "      <td>-0.030973</td>\n",
       "      <td>-0.008821</td>\n",
       "      <td>0.054667</td>\n",
       "      <td>-0.105563</td>\n",
       "      <td>0.987672</td>\n",
       "      <td>1.000000</td>\n",
       "      <td>-0.051918</td>\n",
       "      <td>-0.062336</td>\n",
       "      <td>0.454080</td>\n",
       "      <td>0.332559</td>\n",
       "      <td>0.400929</td>\n",
       "    </tr>\n",
       "    <tr>\n",
       "      <th>hum</th>\n",
       "      <td>0.009577</td>\n",
       "      <td>0.150625</td>\n",
       "      <td>-0.083546</td>\n",
       "      <td>0.164411</td>\n",
       "      <td>-0.276498</td>\n",
       "      <td>-0.010588</td>\n",
       "      <td>-0.037158</td>\n",
       "      <td>0.015688</td>\n",
       "      <td>0.418130</td>\n",
       "      <td>-0.069881</td>\n",
       "      <td>-0.051918</td>\n",
       "      <td>1.000000</td>\n",
       "      <td>-0.290105</td>\n",
       "      <td>-0.347028</td>\n",
       "      <td>-0.273933</td>\n",
       "      <td>-0.322911</td>\n",
       "    </tr>\n",
       "    <tr>\n",
       "      <th>windspeed</th>\n",
       "      <td>-0.074505</td>\n",
       "      <td>-0.149773</td>\n",
       "      <td>-0.008740</td>\n",
       "      <td>-0.135386</td>\n",
       "      <td>0.137252</td>\n",
       "      <td>0.003988</td>\n",
       "      <td>0.011502</td>\n",
       "      <td>-0.011830</td>\n",
       "      <td>0.026226</td>\n",
       "      <td>-0.023125</td>\n",
       "      <td>-0.062336</td>\n",
       "      <td>-0.290105</td>\n",
       "      <td>1.000000</td>\n",
       "      <td>0.090287</td>\n",
       "      <td>0.082321</td>\n",
       "      <td>0.093234</td>\n",
       "    </tr>\n",
       "    <tr>\n",
       "      <th>casual</th>\n",
       "      <td>0.158295</td>\n",
       "      <td>0.120206</td>\n",
       "      <td>0.142779</td>\n",
       "      <td>0.068457</td>\n",
       "      <td>0.301202</td>\n",
       "      <td>0.031564</td>\n",
       "      <td>0.032721</td>\n",
       "      <td>-0.300942</td>\n",
       "      <td>-0.152628</td>\n",
       "      <td>0.459616</td>\n",
       "      <td>0.454080</td>\n",
       "      <td>-0.347028</td>\n",
       "      <td>0.090287</td>\n",
       "      <td>1.000000</td>\n",
       "      <td>0.506618</td>\n",
       "      <td>0.694564</td>\n",
       "    </tr>\n",
       "    <tr>\n",
       "      <th>registered</th>\n",
       "      <td>0.282046</td>\n",
       "      <td>0.174226</td>\n",
       "      <td>0.253684</td>\n",
       "      <td>0.122273</td>\n",
       "      <td>0.374141</td>\n",
       "      <td>-0.047345</td>\n",
       "      <td>0.021578</td>\n",
       "      <td>0.134326</td>\n",
       "      <td>-0.120966</td>\n",
       "      <td>0.335361</td>\n",
       "      <td>0.332559</td>\n",
       "      <td>-0.273933</td>\n",
       "      <td>0.082321</td>\n",
       "      <td>0.506618</td>\n",
       "      <td>1.000000</td>\n",
       "      <td>0.972151</td>\n",
       "    </tr>\n",
       "    <tr>\n",
       "      <th>cnt</th>\n",
       "      <td>0.278379</td>\n",
       "      <td>0.178056</td>\n",
       "      <td>0.250495</td>\n",
       "      <td>0.120638</td>\n",
       "      <td>0.394071</td>\n",
       "      <td>-0.030927</td>\n",
       "      <td>0.026900</td>\n",
       "      <td>0.030284</td>\n",
       "      <td>-0.142426</td>\n",
       "      <td>0.404772</td>\n",
       "      <td>0.400929</td>\n",
       "      <td>-0.322911</td>\n",
       "      <td>0.093234</td>\n",
       "      <td>0.694564</td>\n",
       "      <td>0.972151</td>\n",
       "      <td>1.000000</td>\n",
       "    </tr>\n",
       "  </tbody>\n",
       "</table>\n",
       "</div>"
      ],
      "text/plain": [
       "             instant    season        yr      mnth        hr   holiday  \\\n",
       "instant     1.000000  0.404046  0.866014  0.489164 -0.004775  0.014723   \n",
       "season      0.404046  1.000000 -0.010742  0.830386 -0.006117 -0.009585   \n",
       "yr          0.866014 -0.010742  1.000000 -0.010473 -0.003867  0.006692   \n",
       "mnth        0.489164  0.830386 -0.010473  1.000000 -0.005772  0.018430   \n",
       "hr         -0.004775 -0.006117 -0.003867 -0.005772  1.000000  0.000479   \n",
       "holiday     0.014723 -0.009585  0.006692  0.018430  0.000479  1.000000   \n",
       "weekday     0.001357 -0.002335 -0.004485  0.010400 -0.003498 -0.102088   \n",
       "workingday -0.003416  0.013743 -0.002196 -0.003477  0.002285 -0.252471   \n",
       "weathersit -0.014198 -0.014524 -0.019157  0.005400 -0.020203 -0.017036   \n",
       "temp        0.136178  0.312025  0.040913  0.201691  0.137603 -0.027340   \n",
       "atemp       0.137615  0.319380  0.039222  0.208096  0.133750 -0.030973   \n",
       "hum         0.009577  0.150625 -0.083546  0.164411 -0.276498 -0.010588   \n",
       "windspeed  -0.074505 -0.149773 -0.008740 -0.135386  0.137252  0.003988   \n",
       "casual      0.158295  0.120206  0.142779  0.068457  0.301202  0.031564   \n",
       "registered  0.282046  0.174226  0.253684  0.122273  0.374141 -0.047345   \n",
       "cnt         0.278379  0.178056  0.250495  0.120638  0.394071 -0.030927   \n",
       "\n",
       "             weekday  workingday  weathersit      temp     atemp       hum  \\\n",
       "instant     0.001357   -0.003416   -0.014198  0.136178  0.137615  0.009577   \n",
       "season     -0.002335    0.013743   -0.014524  0.312025  0.319380  0.150625   \n",
       "yr         -0.004485   -0.002196   -0.019157  0.040913  0.039222 -0.083546   \n",
       "mnth        0.010400   -0.003477    0.005400  0.201691  0.208096  0.164411   \n",
       "hr         -0.003498    0.002285   -0.020203  0.137603  0.133750 -0.276498   \n",
       "holiday    -0.102088   -0.252471   -0.017036 -0.027340 -0.030973 -0.010588   \n",
       "weekday     1.000000    0.035955    0.003311 -0.001795 -0.008821 -0.037158   \n",
       "workingday  0.035955    1.000000    0.044672  0.055390  0.054667  0.015688   \n",
       "weathersit  0.003311    0.044672    1.000000 -0.102640 -0.105563  0.418130   \n",
       "temp       -0.001795    0.055390   -0.102640  1.000000  0.987672 -0.069881   \n",
       "atemp      -0.008821    0.054667   -0.105563  0.987672  1.000000 -0.051918   \n",
       "hum        -0.037158    0.015688    0.418130 -0.069881 -0.051918  1.000000   \n",
       "windspeed   0.011502   -0.011830    0.026226 -0.023125 -0.062336 -0.290105   \n",
       "casual      0.032721   -0.300942   -0.152628  0.459616  0.454080 -0.347028   \n",
       "registered  0.021578    0.134326   -0.120966  0.335361  0.332559 -0.273933   \n",
       "cnt         0.026900    0.030284   -0.142426  0.404772  0.400929 -0.322911   \n",
       "\n",
       "            windspeed    casual  registered       cnt  \n",
       "instant     -0.074505  0.158295    0.282046  0.278379  \n",
       "season      -0.149773  0.120206    0.174226  0.178056  \n",
       "yr          -0.008740  0.142779    0.253684  0.250495  \n",
       "mnth        -0.135386  0.068457    0.122273  0.120638  \n",
       "hr           0.137252  0.301202    0.374141  0.394071  \n",
       "holiday      0.003988  0.031564   -0.047345 -0.030927  \n",
       "weekday      0.011502  0.032721    0.021578  0.026900  \n",
       "workingday  -0.011830 -0.300942    0.134326  0.030284  \n",
       "weathersit   0.026226 -0.152628   -0.120966 -0.142426  \n",
       "temp        -0.023125  0.459616    0.335361  0.404772  \n",
       "atemp       -0.062336  0.454080    0.332559  0.400929  \n",
       "hum         -0.290105 -0.347028   -0.273933 -0.322911  \n",
       "windspeed    1.000000  0.090287    0.082321  0.093234  \n",
       "casual       0.090287  1.000000    0.506618  0.694564  \n",
       "registered   0.082321  0.506618    1.000000  0.972151  \n",
       "cnt          0.093234  0.694564    0.972151  1.000000  "
      ]
     },
     "execution_count": 95,
     "metadata": {},
     "output_type": "execute_result"
    }
   ],
   "source": [
    "corr_matrix = numeric_df.corr()\n",
    "corr_matrix"
   ]
  },
  {
   "cell_type": "code",
   "execution_count": 96,
   "metadata": {},
   "outputs": [
    {
     "data": {
      "text/plain": [
       "<Axes: >"
      ]
     },
     "execution_count": 96,
     "metadata": {},
     "output_type": "execute_result"
    },
    {
     "data": {
